   1 0.00000000 -5.81704585 5.95780426 5.95780426 5.95780426 8.56423190 8.56423190 8.56423190 9.06631654 14.47222012 14.47222012 19.71407763 21.66688362 21.66688362 21.66688362
   2 0.00607729 -5.81240381 5.92190091 5.93741164 5.93741164 8.55324987 8.59072020 8.59072020 9.10159805 14.45577468 14.47863123 19.66006502 21.66741560 21.66741560 21.69845671
   3 0.01215459 -5.79847156 5.81898064 5.87870535 5.87870535 8.52073269 8.66768361 8.66768361 9.20218181 14.40799381 14.49786925 19.51288677 21.66892919 21.66892919 21.79136679
   4 0.01823188 -5.77523274 5.66077184 5.78799442 5.78799442 8.46793579 8.78872652 8.78872652 9.35485897 14.33326086 14.52994811 19.30894467 21.67117717 21.67117717 21.94042561
   5 0.02430918 -5.74266610 5.46081302 5.67309278 5.67309278 8.39684500 8.94590052 8.94590052 9.54339014 14.23808065 14.57489102 19.08949187 21.67374294 21.67374294 22.13769284
   6 0.03038647 -5.70075216 5.23091236 5.54139698 5.54139698 8.31001650 9.13163987 9.13163987 9.75166883 14.13029244 14.63273024 18.88804758 21.67602040 21.67602040 22.37330407
   7 0.03646377 -5.64947926 4.98005562 5.39900472 5.39900472 8.21036827 9.33965848 9.33965848 9.96424605 14.01857935 14.70350696 18.72609263 21.67716521 21.67716521 22.63637080
   8 0.04254106 -5.58884772 4.71466316 5.25059853 5.25059853 8.10095581 9.56508199 9.56508199 10.16533553 13.91255475 14.78727097 18.61424249 21.67600733 21.67600733 22.91592542
   9 0.04861836 -5.51887185 4.43921716 5.09966053 5.09966053 7.98477111 9.80424692 9.80424692 10.33749175 13.82346126 14.88408031 18.55529331 21.67092466 21.67092466 23.20189189
  10 0.05469565 -5.43958025 4.15683911 4.94875528 4.94875528 7.86459361 10.05442859 10.05442859 10.46111249 13.76492027 14.99400078 18.54715508 21.65969194 21.65969194 23.48596201
  11 0.06077295 -5.35101500 3.86971818 4.79977731 4.79977731 7.74290352 10.31360063 10.31360063 10.51636785 13.75218587 15.11710528 18.58502562 21.63933784 21.63933784 23.76217509
  12 0.06685024 -5.25323057 3.57940456 4.65414009 4.65414009 7.62185053 10.48869768 10.58024950 10.58024950 13.79830973 15.25347303 18.66278985 21.60606516 21.60606516 24.02705026
  13 0.07292754 -5.14629257 3.28700629 4.51291250 4.51291250 7.50326242 10.37545667 10.85323885 10.85323885 13.90876582 15.40318848 18.77382533 21.55530942 21.55530942 24.27928558
  14 0.07900483 -5.03027684 2.99332543 4.37691490 4.37691490 7.38867675 10.18780573 11.13171227 11.13171227 14.07955782 15.56634010 18.91140842 21.48201700 21.48201700 24.51918583
  15 0.08508213 -4.90526885 2.69895760 4.24678651 4.24678651 7.27938214 9.94580959 11.41502363 11.41502363 14.30060252 15.74301875 19.06887357 21.38118952 21.38118952 24.74801944
  16 0.09115942 -4.77136342 2.40436722 4.12303258 4.12303258 7.17646058 9.67130120 11.70268659 11.70268659 14.56049912 15.93331579 19.23963145 21.24864409 21.24864409 24.96744625
  17 0.09723672 -4.62866478 2.10994335 4.00605778 4.00605778 7.08082602 9.38300952 11.99433685 11.99433685 14.84929733 16.13732070 19.41711634 21.08179867 21.08179867 25.17907118
  18 0.10331401 -4.47728678 1.81603842 3.89618997 3.89618997 6.99325753 9.09476182 12.28970244 12.28970244 15.15919153 16.35511838 19.59471101 20.88020063 20.88020063 25.38411582
  19 0.10939131 -4.31735345 1.52299293 3.79369733 3.79369733 6.91442661 8.81567603 12.58857790 12.58857790 15.48424970 16.58678583 19.76568731 20.64558380 20.64558380 25.58317685
  20 0.11546860 -4.14899959 1.23114971 3.69880087 3.69880087 6.84491966 8.55118271 12.89079897 12.89079897 15.81992052 16.83238829 19.92319852 20.38145574 20.38145574 25.30508953
  21 0.12154590 -3.97237156 0.94086090 3.61168356 3.61168356 6.78525607 8.30415928 13.19621405 13.19621405 16.16259491 17.09197480 20.06036099 20.09242516 20.09242516 24.84824455
  22 0.12762319 -3.78762809 0.65249046 3.53249727 3.53249727 6.73590319 8.07586324 13.50464742 13.50464742 16.50927503 17.36557307 19.78353543 19.78353543 20.17046000 24.38920035
  23 0.13370049 -3.59494120 0.36641367 3.46136788 3.46136788 6.69728878 7.86659451 13.81584584 13.81584584 16.85733451 17.65318364 19.45978325 19.45978325 20.24729624 23.92996087
  24 0.13977778 -3.39449712 0.08301492 3.39839933 3.39839933 6.66981163 7.67612459 14.12939287 14.12939287 17.20434224 17.95477329 19.12588283 19.12588283 20.28564738 23.47240106
  25 0.14585508 -3.18649712 -0.19731549 3.34367677 3.34367677 6.65385086 7.50395761 14.44455649 14.44455649 17.54792698 18.27026777 18.78627285 18.78627285 20.28175740 23.01825667
  26 0.15193237 -2.97115840 -0.47418504 3.29726907 3.29726907 6.64977421 7.34948151 14.75998926 14.75998926 17.88566700 18.44538448 18.44538448 18.59954371 20.23371472 22.56911743
  27 0.15800967 -2.74871479 -0.74720275 3.25923096 3.25923096 6.65794570 7.21205174 15.07307027 15.07307027 18.10832720 18.10832720 18.21499466 18.94241988 20.14158421 22.12642369
  28 0.16408696 -2.51941737 -1.01598272 3.22960475 3.22960475 6.67873274 7.09103492 15.37827494 15.37827494 17.78256936 17.78256936 18.53311112 19.29864779 20.00723619 21.69146611
  29 0.17016426 -2.28353487 -1.28014741 3.20842179 3.20842179 6.71251292 6.98582985 15.66261200 15.66261200 17.48255388 17.48255388 18.83691134 19.66790183 19.83392963 21.26538807
  30 0.17624155 -2.04135381 -1.53933035 3.19570364 3.19570364 6.75968048 6.89587559 15.89227671 15.89227671 17.24308963 17.24308963 19.12292572 19.62578586 20.04976895 20.84919041
  31 0.18231885 -1.79317847 -1.79317847 3.19146288 3.19146288 6.82065265 6.82065265 15.98986072 15.98986072 17.14217435 17.14217435 19.38729265 19.38729265 20.44373821 20.44373821
  32 0.18446750 -1.79344392 -1.79253479 3.18738562 3.19193570 6.82119014 6.82688489 15.98553290 15.98712359 17.13165584 17.13800114 19.38985323 19.39907416 20.44786290 20.44843597
  33 0.18661614 -1.79424333 -1.79060376 3.17524945 3.19335400 6.82280265 6.84548905 15.97260766 15.97893851 17.10074571 17.12555269 19.39750965 19.43377066 20.46016536 20.46246983
  34 0.18876479 -1.79558584 -1.78738541 3.15533341 3.19571725 6.82549027 6.87619511 15.95125615 15.96538319 17.05120801 17.10503734 19.41018708 19.48961022 20.48043610 20.48566506
  35 0.19091344 -1.79748667 -1.78287978 3.12807835 3.19902459 6.82925316 6.91857732 15.92175250 15.94658337 16.98550594 17.07678570 19.42776463 19.56411640 20.50834258 20.51774156
  36 0.19306209 -1.79996708 -1.77708696 3.09405504 3.20327481 6.83409154 6.97208584 15.88445865 15.92270750 16.90633883 17.04122855 19.45008062 19.65457109 20.54345142 20.55832905
  37 0.19521074 -1.80305435 -1.77000702 3.05392753 3.20846634 6.84000565 7.03608340 15.83980591 15.89396011 16.81629232 16.99887090 19.47693925 19.75836413 20.58525442 20.60698553
  38 0.19735939 -1.80678167 -1.76164007 3.00841639 3.21459728 6.84699576 7.10988181 15.78827519 15.86057438 16.71764726 16.95026534 19.50811803 19.87318408 20.63319529 20.66321707
  39 0.19950803 -1.81118807 -1.75198625 2.95826604 3.22166533 6.85506215 7.19277450 15.73037778 15.82280453 16.61231629 16.89598755 19.54337540 19.99708132 20.68669430 20.72649703
  40 0.20165668 -1.81631830 -1.74104571 2.90421807 3.22966789 6.86420507 7.28406287 15.66663802 15.78091855 16.50185614 16.83661563 19.58245804 20.12845524 20.74516906 20.79628348
  41 0.20380533 -1.82222262 -1.72881862 2.84699155 3.23860194 6.87442472 7.38307570 15.59757867 15.73519160 16.38751369 16.77271400 19.62510743 20.26600765 20.80805074 20.87203384
  42 0.20595398 -1.82895659 -1.71530519 2.78726982 3.24846411 6.88572121 7.48918192 15.52370948 15.68590035 16.27028082 16.70482196 19.67106557 20.40868731 20.87479572 20.95321640
  43 0.20810263 -1.83658076 -1.70050564 2.72569273 3.25925068 6.89809457 7.60179794 15.44551868 15.63331835 16.15094588 16.63344637 19.72007958 20.55563764 20.94489305 21.03931883
  44 0.21025127 -1.84516032 -1.68442023 2.66285317 3.27095749 6.91154463 7.72039051 15.36346738 15.57771250 16.03013736 16.55905759 19.77190526 20.70615222 21.01786858 21.12985397
  45 0.21239992 -1.85476461 -1.66704924 2.59929654 3.28358005 6.92607105 7.84447653 15.27798614 15.51934045 15.90835903 16.48208814 19.82630968 20.85963847 21.09328658 21.22436328
  46 0.21454857 -1.86546659 -1.64839299 2.53552219 3.29711342 6.94167326 7.97362082 15.18947354 15.45844885 15.78601756 16.40293305 19.88307289 21.01558883 21.17074944 21.32241844
  47 0.21669722 -1.87734215 -1.62845181 2.47198607 3.31155228 6.95835037 8.10743258 15.09829599 15.39527239 15.66344388 16.32195146 19.94198890 21.17355778 21.24989617 21.42362163
  48 0.21884587 -1.89046931 -1.60722609 2.40910376 3.32689090 6.97610118 8.24556121 15.00478864 15.33003333 15.54090963 16.23946897 20.00286604 21.33040021 21.33314352 21.52760483
  49 0.22099452 -1.90492736 -1.58471626 2.34725371 3.34312309 6.99492405 8.38769185 14.90925689 15.26294155 15.41863980 16.15578036 20.06552692 21.41196676 21.49397297 21.63402846
  50 0.22314316 -1.92079579 -1.56092276 2.28678032 3.36024226 7.01481691 8.53354105 14.81197829 15.19419488 15.29682252 16.07115241 20.12980796 21.49433000 21.65568910 21.74257970
  51 0.22529181 -1.93815319 -1.53584612 2.22799656 3.37824134 7.03577713 8.68285242 14.71320471 15.12397967 15.17561672 15.98582673 20.19555872 21.57725030 21.81793966 21.85297050
  52 0.22744046 -1.95707600 -1.50948687 2.17118638 3.39711280 7.05780151 8.83539278 14.61316450 15.05247152 15.05515807 15.90002242 20.26264100 21.66051153 21.96493573 21.98036664
  53 0.22958911 -1.97763718 -1.48184564 2.11660657 3.41684865 7.08088614 8.99094833 14.51206471 14.93556384 14.97983607 15.81393860 20.33092782 21.74391854 22.07823120 22.14259571
  54 0.23173776 -1.99990487 -1.45292306 2.06448825 3.43744039 7.10502638 9.14932133 14.41009311 14.81693685 14.90622982 15.72775667 20.40030232 21.82729483 22.19263187 22.30422493
  55 0.23388640 -2.02394100 -1.42271988 2.01503807 3.45887903 7.13021672 9.31032676 14.30742019 14.69936876 14.83180099 15.64164234 20.47065654 21.91048036 22.30793025 22.46481223
  56 0.23603505 -2.04979996 -1.39123686 1.96843903 3.48115504 7.15645074 9.47378930 14.20420097 14.58294308 14.75669033 15.55574751 20.54189015 21.99332962 22.42393485 22.62386078
  57 0.23818370 -2.07752728 -1.35847487 1.92485122 3.50425835 7.18372098 9.63954023 14.10057660 14.46773800 14.68103186 15.47021193 20.61390907 22.07570983 22.54046886 22.78080172
  58 0.24033235 -2.10715852 -1.32443483 1.88441228 3.52817835 7.21201882 9.80741423 13.99667593 14.35382921 14.60495359 15.38516459 20.68662397 22.15749934 22.65736904 22.93497371
  59 0.24248100 -2.13871825 -1.28911774 1.84723797 3.55290383 7.24133442 9.97724584 13.89261679 14.24129317 14.52857817 15.30072505 20.75994859 22.23858613 22.77448467 23.08559912
  60 0.24462965 -2.17221931 -1.25252471 1.81342262 3.57842301 7.27165656 10.14886532 13.78850723 14.13021092 14.45202348 15.21700457 20.83379782 22.31886651 22.89167667 23.23175778
  61 0.24677829 -2.20766228 -1.21465691 1.78303976 3.60472345 7.30297252 10.32209327 13.68444657 14.02067316 14.37540315 15.13410711 20.90808541 22.39824387 23.00881693 23.37236073
  62 0.25049986 -2.22676441 -1.19400830 1.77117196 3.60950899 7.33309639 10.41063683 13.56736600 14.00670997 14.30288580 15.15166805 20.92137204 22.44187126 23.02991901 23.49744651
  63 0.25422143 -2.24714320 -1.17118929 1.76427995 3.59768422 7.39117952 10.50216071 13.37067629 14.00603559 14.20683983 15.25944587 20.88913579 22.49057736 23.01962170 23.69101458
  64 0.25794300 -2.26809384 -1.14707553 1.76240632 3.57064714 7.47591349 10.59638845 13.13996839 13.91692826 14.18535081 15.41614429 20.81777889 22.53427320 23.02169232 23.90949016
  65 0.26166457 -2.28901107 -1.12245378 1.76550923 3.53047289 7.58538645 10.69288929 12.89106057 13.76880246 14.21707039 15.59837434 20.71522013 22.56206980 23.05341459 24.13217055
  66 0.26538613 -2.30938666 -1.09801708 1.77344203 3.47966508 7.71734104 10.79092609 12.63176575 13.60948019 14.25825225 15.79473749 20.58891877 22.57098687 23.11646454 24.33891857
  67 0.26910770 -2.32880011 -1.07436695 1.78592670 3.42093300 7.86941142 10.88908298 12.36786619 13.44992565 14.29924632 15.99897211 20.44516769 22.56639795 23.20283135 24.49747772
  68 0.27282927 -2.34690700 -1.05201888 1.80252054 3.35703773 8.03929725 10.98419764 12.10548309 13.29277782 14.33765219 16.20690933 20.28917108 22.55508323 23.30324729 24.58187785
  69 0.27655084 -2.36342736 -1.03140872 1.82257539 3.29071711 8.22486504 11.06763413 11.85527945 13.13885258 14.37259703 16.41511088 20.12543118 22.54158300 23.41103407 24.61341685
  70 0.28027241 -2.37813533 -1.01289947 1.84519039 3.22467732 8.42418718 11.11042248 11.64756582 12.98858982 14.40362601 16.62010162 19.95824186 22.52833630 23.52181918 24.62309467
  71 0.28399397 -2.39085041 -0.99678786 1.86916387 3.16162683 8.63553410 11.03911122 11.55654985 12.84253979 14.43042206 16.81775270 19.79226864 22.51653294 23.63241355 24.62517309
  72 0.28771554 -2.40143030 -0.98331079 1.89295993 3.10432003 8.85732771 10.84460334 11.59142374 12.70171416 14.45272685 17.00259693 19.63327441 22.50670417 23.73980333 24.62486815
  73 0.29143711 -2.40976542 -0.97265163 1.91472327 3.05556381 9.08803671 10.60299745 11.67508889 12.56821885 14.47032125 17.16698196 19.48903013 22.49904928 23.84008621 24.62406259
  74 0.29515868 -2.41577458 -0.96494596 1.93239731 3.01812382 9.32586930 10.34936441 11.76900292 12.44697496 14.48302532 17.30025878 19.37019271 22.49361025 23.92692541 24.62338484
  75 0.29888024 -2.41940186 -0.96028660 1.94400092 2.99447017 9.56699408 10.09689065 11.85065240 12.35089458 14.49070391 17.38902447 19.29012216 22.49036710 23.98948748 24.62298408
  76 0.30260181 -2.42061454 -0.95872757 1.94805366 2.98636936 9.75465855 9.90521330 11.88659215 12.31039077 14.49327295 17.42047114 19.26158018 22.48929025 24.01305605 24.62285620
  77 0.30632338 -2.41940186 -0.96028660 1.94400092 2.99447017 9.56699408 10.09689065 11.85065240 12.35089458 14.49070391 17.38902447 19.29012216 22.49036710 23.98948748 24.62298408
  78 0.31004495 -2.41577458 -0.96494596 1.93239731 3.01812382 9.32586930 10.34936441 11.76900292 12.44697496 14.48302532 17.30025878 19.37019271 22.49361025 23.92692541 24.62338484
  79 0.31376652 -2.40976542 -0.97265163 1.91472327 3.05556381 9.08803671 10.60299745 11.67508889 12.56821885 14.47032125 17.16698196 19.48903013 22.49904928 23.84008621 24.62406259
  80 0.31748808 -2.40143030 -0.98331079 1.89295993 3.10432003 8.85732771 10.84460334 11.59142374 12.70171416 14.45272685 17.00259693 19.63327441 22.50670417 23.73980333 24.62486815
  81 0.32120965 -2.39085041 -0.99678786 1.86916387 3.16162683 8.63553410 11.03911122 11.55654985 12.84253979 14.43042206 16.81775270 19.79226864 22.51653294 23.63241355 24.62517309
  82 0.32493122 -2.37813533 -1.01289947 1.84519039 3.22467732 8.42418718 11.11042248 11.64756582 12.98858982 14.40362601 16.62010162 19.95824186 22.52833630 23.52181918 24.62309467
  83 0.32865279 -2.36342736 -1.03140872 1.82257539 3.29071711 8.22486504 11.06763413 11.85527945 13.13885258 14.37259703 16.41511088 20.12543118 22.54158300 23.41103407 24.61341685
  84 0.33237436 -2.34690700 -1.05201888 1.80252054 3.35703773 8.03929725 10.98419764 12.10548309 13.29277782 14.33765219 16.20690933 20.28917108 22.55508323 23.30324729 24.58187785
  85 0.33609592 -2.32880011 -1.07436695 1.78592670 3.42093300 7.86941142 10.88908298 12.36786619 13.44992565 14.29924632 15.99897211 20.44516769 22.56639795 23.20283135 24.49747772
  86 0.33981749 -2.30938666 -1.09801708 1.77344203 3.47966508 7.71734104 10.79092609 12.63176575 13.60948019 14.25825225 15.79473749 20.58891877 22.57098687 23.11646454 24.33891857
  87 0.34353906 -2.28901107 -1.12245378 1.76550923 3.53047289 7.58538645 10.69288929 12.89106057 13.76880246 14.21707039 15.59837434 20.71522013 22.56206980 23.05341459 24.13217055
  88 0.34726063 -2.26809384 -1.14707553 1.76240632 3.57064714 7.47591349 10.59638845 13.13996839 13.91692826 14.18535081 15.41614429 20.81777889 22.53427320 23.02169232 23.90949016
  89 0.35098220 -2.24714320 -1.17118929 1.76427995 3.59768422 7.39117952 10.50216071 13.37067629 14.00603559 14.20683983 15.25944587 20.88913579 22.49057736 23.01962170 23.69101458
  90 0.35470376 -2.22676441 -1.19400830 1.77117196 3.60950899 7.33309639 10.41063683 13.56736600 14.00670997 14.30288580 15.15166805 20.92137204 22.44187126 23.02991901 23.49744651
  91 0.35842533 -2.20766228 -1.21465691 1.78303976 3.60472345 7.30297252 10.32209327 13.68444657 14.02067316 14.37540315 15.13410711 20.90808541 22.39824387 23.00881693 23.37236073
  92 0.36487128 -2.32546096 -1.09341822 1.71292541 3.68817855 7.40273095 10.84931324 13.37343950 13.70255000 14.14623026 14.89130078 21.13263463 22.63007620 23.35879720 23.74712218
  93 0.37131722 -2.45958078 -0.96075901 1.67453433 3.77815405 7.51080297 11.38112175 13.06578916 13.40498007 13.92023608 14.65910998 21.35713572 22.85077529 23.70463257 24.01752469
  94 0.37776317 -2.60819289 -0.81672897 1.66707968 3.87420069 7.62651403 11.89616575 12.76321750 13.14681958 13.70001791 14.43958435 21.57587997 23.05833939 24.04434451 24.15233715
  95 0.38420911 -2.76887315 -0.66138828 1.68888927 3.97580304 7.74895993 12.29033625 12.46714046 13.02958992 13.48801624 14.23456301 21.77503790 23.25085040 23.82564188 23.96995792
  96 0.39065505 -2.93890373 -0.49480834 1.73777878 4.08237282 7.87695385 12.17873623 12.30022943 13.28654256 13.31397481 14.04574426 21.91259462 23.33546440 23.42639623 23.69566077
  97 0.39710100 -3.11553714 -0.31707209 1.81136400 4.19324227 8.00896833 11.89898816 12.09892895 13.09779380 13.82395909 13.87472816 21.86315264 22.99164916 23.48649549 23.58304979
  98 0.40354694 -3.29618186 -0.12827392 1.90727867 4.30765832 8.14307794 11.62871167 11.86236426 12.92385225 13.72303442 14.38033961 21.51012051 22.89156117 23.36959196 23.71890338
  99 0.40999289 -3.47850642 0.07148067 2.02329965 4.42477852 8.27691419 11.36857255 11.62298764 12.76665971 13.59209531 14.94685786 20.98571044 22.82012395 23.43588986 23.57549709
 100 0.41643883 -3.66047926 0.28207551 2.15739967 4.54366999 8.40765357 11.11910150 11.38845357 12.62794121 13.48322071 15.51126742 20.40754559 22.69773158 23.34961964 23.65553094
 101 0.42288478 -3.84036677 0.50338390 2.30775233 4.66331319 8.53207079 10.88070809 11.16132700 12.50904068 13.39753185 16.06530802 19.81513735 22.57099248 23.10580218 23.95041867
 102 0.42933072 -4.01670879 0.73526801 2.47270945 4.78261242 8.64669586 10.65369538 10.94267060 12.41062504 13.33586176 16.60073727 19.22345857 22.46046751 22.85019669 24.02248174
 103 0.43577667 -4.18828444 0.97757710 2.65076481 4.90041489 8.74810411 10.43827546 10.73298120 12.33222829 13.29862555 17.10796294 18.64055665 22.37186701 22.59047919 24.03382652
 104 0.44222261 -4.35407633 1.23014382 2.84051204 5.01553967 8.83332760 10.23458538 10.53249692 12.27165647 13.28567296 17.57531211 18.07240759 22.30554056 22.33637372 24.01938939
 105 0.44866856 -4.51323707 1.49277801 3.04060104 5.12681631 8.90030675 10.04270272 10.34131270 12.22435619 13.29615010 17.52463188 17.98869648 22.09997911 22.25904995 23.98011346
 106 0.45511450 -4.66505986 1.76525695 3.24969392 5.23313109 8.94823774 9.86265994 10.15942727 12.18292866 13.32841131 17.00334947 18.33210711 21.89554223 22.22813045 23.91724539
 107 0.46156045 -4.80895365 2.04731096 3.46642058 5.33347620 8.97767565 9.69445711 9.98676383 12.13700257 13.38002959 16.51573089 18.59008759 21.73759778 22.20738317 23.83208828
 108 0.46800639 -4.94442256 2.33860275 3.68933260 5.42699555 8.99034944 9.53807248 9.82318122 12.07367662 13.44794182 16.07024835 18.75344358 21.63617424 22.19099833 23.72576275
 109 0.47445234 -5.07104917 2.63869810 3.91685360 5.51302054 8.98877248 9.39347108 9.66848387 11.97879535 13.52872696 15.67628095 18.82655190 21.59048842 22.17350238 23.59906786
 110 0.48089828 -5.18848121 2.94702442 4.14722393 5.59109093 8.97580002 9.26061132 9.52243628 11.83937045 13.61895920 15.34254534 18.82971464 21.58733344 22.15042519 23.45253596
 111 0.48734422 -5.29642113 3.26281075 4.37843670 5.66095905 8.95425944 9.13944977 9.38478747 11.64700588 13.71552866 15.07430324 18.79281744 21.60757635 22.11878553 23.28674348
 112 0.49379017 -5.39461816 3.58499802 4.60816225 5.72257880 8.92670392 9.02994449 9.25531209 11.40088259 13.81581416 14.87072315 18.74634560 21.63458894 22.07734082 23.10286935
 113 0.50023611 -5.48286274 3.91209882 4.83365826 5.77608268 8.89527199 8.93205717 9.13387677 11.10816386 13.91763920 14.72460105 18.71636315 21.65809926 22.02659706 22.90339776
 114 0.50668206 -5.56098294 4.24196874 5.05166493 5.82175017 8.84575428 8.86159473 9.02054100 10.78155313 14.01902431 14.62486905 18.72330969 21.67373128 21.96860867 22.69277577
 115 0.51312800 -5.62884258 4.57142106 5.25828997 5.85996984 8.77100757 8.82666870 8.91569953 10.43625588 14.11782771 14.55986526 18.78172487 21.68105063 21.90661757 22.47780289
 116 0.51957395 -5.68634050 4.89556188 5.44890179 5.89119763 8.70779403 8.79057782 8.82026282 10.08857284 14.21140702 14.51943814 18.89891922 21.68175997 21.84459314 22.26757850
 117 0.52601989 -5.73340993 5.20663816 5.61807544 5.91591309 8.65609555 8.73584465 8.75189641 9.75680299 14.29643422 14.49562086 19.07179700 21.67844429 21.78674298 22.07294829
 118 0.53246584 -5.77001623 5.49212401 5.75968007 5.93457671 8.61589841 8.66487542 8.70682613 9.46405826 14.36896374 14.48250780 19.28219850 21.67375182 21.73706132 21.90551830
 119 0.53891178 -5.79615129 5.73207317 5.86724728 5.94759096 8.58719270 8.61049442 8.65072762 9.23972147 14.42479907 14.47590346 19.49337382 21.66977654 21.69896509 21.77638908
 120 0.54535773 -5.81182363 5.89769852 5.93475667 5.95526778 8.56997179 8.57605568 8.59173103 9.10761046 14.46011963 14.47300983 19.65370853 21.66752960 21.67503913 21.69479837
 121 0.55180367 -5.81704585 5.95780426 5.95780426 5.95780426 8.56423190 8.56423190 8.56423190 9.06631654 14.47222012 14.47222012 19.71407763 21.66688362 21.66688362 21.66688362
 122 0.55706676 -5.81356451 5.91290690 5.95155557 5.95155557 8.57342239 8.57342239 8.57614557 9.09386291 14.46843264 14.46843264 19.67344512 21.66627051 21.67945219 21.67945219
 123 0.56232985 -5.80311811 5.78592795 5.93315379 5.93315379 8.59809717 8.60054189 8.60054189 9.18279141 14.45737174 14.45737174 19.56150087 21.66472976 21.71651389 21.71651389
 124 0.56759295 -5.78570103 5.59475161 5.90356947 5.90356947 8.60730461 8.64429648 8.64429648 9.33861835 14.43991573 14.43991573 19.40352630 21.66288972 21.77617694 21.77617694
 125 0.57285604 -5.76130831 5.35830913 5.86423650 5.86423650 8.59567893 8.70271248 8.70271248 9.55146700 14.41744752 14.41744752 19.23001063 21.66128699 21.85541571 21.85541571
 126 0.57811913 -5.72994084 5.09169748 5.81684662 5.81684662 8.56630218 8.77334213 8.77334213 9.80438726 14.39175387 14.39175387 19.06768664 21.66023322 21.95023893 21.95023893
 127 0.58338222 -5.69161047 4.80560174 5.76315895 5.76315895 8.52386765 8.85345739 8.85345739 10.08339906 14.36491768 14.36491768 18.93520372 21.65991861 22.05588584 22.05588584
 128 0.58864531 -5.64634423 4.50730065 5.70485858 5.70485858 8.47199428 8.94020068 8.94020068 10.37908246 14.33922222 14.33922222 18.84278399 21.66057092 22.16702284 22.16702284
 129 0.59390841 -5.59418736 4.20176197 5.64347169 5.64347169 8.41332213 9.03068883 9.03068883 10.68531150 14.31707801 14.31707801 18.79378229 21.66261200 22.27791733 22.27791733
 130 0.59917150 -5.53520555 3.89244804 5.58032769 5.58032769 8.34987126 9.12208416 9.12208416 10.99803345 14.30097321 14.30097321 18.78658689 21.66683237 22.38257522 22.38257522
 131 0.60443459 -5.46948679 3.58184565 5.51655344 5.51655344 8.28326424 9.21165231 9.21165231 11.31447968 14.29343886 14.29343886 18.81614609 21.67461635 22.47484413 22.47484413
 132 0.60969768 -5.39714361 3.27180416 5.45308579 5.45308579 8.21484430 9.29682425 9.29682425 11.63268878 14.29701422 14.29701422 18.87495427 21.68823236 22.54850610 22.54850610
 133 0.61496077 -5.31831610 2.96375251 5.39069268 5.39069268 8.14574061 9.37527364 9.37527364 11.95121610 14.31419593 14.31419593 18.95359097 21.71116230 22.59740792 22.59740792
 134 0.62022386 -5.23317637 2.65884154 5.32999671 5.32999671 8.07690902 9.44501176 9.44501176 12.26895103 14.34735917 14.34735917 19.04103685 21.74836414 22.61569283 22.61569283
 135 0.62548696 -5.14193476 2.35804084 5.27149795 5.27149795 8.00916105 9.50449195 9.50449195 12.58499765 14.39864965 14.39864965 19.12509711 21.80623805 22.59818377 22.59818377
 136 0.63075005 -5.04484868 2.06220818 5.21559449 5.21559449 7.94318646 9.55270586 9.55270586 12.89859452 14.46985836 14.46985836 19.19331934 21.89197511 22.54090523 22.54090523
 137 0.63601314 -4.94223457 1.77214300 5.16260024 5.16260024 7.87957171 9.58924836 9.58924836 13.20905962 14.56230240 14.56230240 19.23460259 22.01212722 22.44162696 22.44162696
 138 0.64127623 -4.83448446 1.48863177 5.11276000 5.11276000 7.81881515 9.61433047 9.61433047 13.51575295 14.67673733 14.67673733 19.24109685 22.17081423 22.30023248 22.30023248
 139 0.64653932 -4.72208837 1.21249085 5.06626207 5.06626207 7.76133950 9.62873069 9.62873069 13.81805171 14.81331851 14.81331851 19.20940702 22.11874369 22.11874369 22.36856022
 140 0.65180242 -4.60566511 0.94461204 5.02324882 5.02324882 7.70750208 9.63369131 9.63369131 14.11533434 14.97161233 14.97161233 19.14039119 21.90098121 21.90098121 22.60247544
 141 0.65706551 -4.48600430 0.68601531 4.98382541 4.98382541 7.65760312 9.63077933 9.63077933 14.40697023 15.15064076 15.15064076 19.03786469 21.65200682 21.65200682 22.86748346
 142 0.66232860 -4.36412393 0.43791423 4.94806711 4.94806711 7.61189267 9.62173788 9.62173788 14.69231077 15.34893034 15.34893034 18.90710245 21.37755987 21.37755987 23.15771834
 143 0.66759169 -4.24134819 0.20179963 4.91602548 4.91602548 7.57057641 9.60835071 9.60835071 14.97067570 15.56452924 15.56452924 18.75374520 21.08365192 21.08365192 23.46751101
 144 0.67285478 -4.11941060 -0.02045295 4.88773357 4.88773357 7.53382080 9.59233378 9.59233378 15.24132241 15.79494920 15.79494920 18.58321068 20.77639858 20.77639858 23.79189440
 145 0.67811787 -4.00058421 -0.22644992 4.86321040 4.86321040 7.50175792 9.57525891 9.57525891 15.50337280 16.03696968 16.03696968 18.40048479 20.46212278 20.46212278 24.12679564
 146 0.68338097 -3.88782997 -0.41312901 4.84246476 4.84246476 7.47449002 9.55850691 9.55850691 15.75563779 16.28619111 16.28619111 18.21019564 20.14779342 20.14779342 24.46908214
 147 0.68864406 -3.78492740 -0.57662691 4.82549853 4.82549853 7.45209401 9.54324399 9.54324399 15.99618804 16.53610646 16.53610646 18.01702970 19.84198709 19.84198709 24.81655011
 148 0.69390715 -3.69649960 -0.71225315 4.81230938 4.81230938 7.43462575 9.53041431 9.53041431 16.22125089 16.77623012 16.77623012 17.82686814 19.55680585 19.55680585 25.16786824
 149 0.69917024 -3.62777367 -0.81472885 4.80289312 4.80289312 7.42212396 9.52074188 9.52074188 16.42218580 16.98860687 16.98860687 17.64987239 19.31141332 19.31141332 25.52239840
 150 0.70443333 -3.58389386 -0.87887311 4.79724545 4.79724545 7.41461366 9.51473672 9.51473672 16.57733394 17.14332467 17.14332467 17.50870970 19.13655851 19.13655851 25.87931475
 151 0.70969642 -3.56877355 -0.90075066 4.79536327 4.79536327 7.41210874 9.51270155 9.51270155 16.64073978 17.20175934 17.20175934 17.44990463 19.07135742 19.07135742 26.19022956
 152 0.71399372 -3.56642507 -0.89958340 4.77162244 4.79092163 7.43448216 9.50954486 9.52251583 16.61380996 17.03396999 17.18703001 17.60415174 19.08957656 19.11360349 26.15398274
 153 0.71829102 -3.55937988 -0.89610289 4.70315067 4.77760167 7.49855283 9.50028151 9.55226790 16.53093550 16.77631394 17.15492746 17.81888815 19.14650510 19.23070397 26.04616270
 154 0.72258831 -3.54763894 -0.89037368 4.59696132 4.75542090 7.59644190 9.48551745 9.60285488 16.39320561 16.50624751 17.12630690 18.01118281 19.24755337 19.40170889 25.87044639
 155 0.72688561 -3.53120453 -0.88250559 4.46173524 4.72441679 7.71814395 9.46621592 9.67565600 16.21222428 16.23282381 17.11093837 18.16775207 19.39684748 19.60662045 25.63535896
 156 0.73118291 -3.51008117 -0.87265715 4.30571170 4.68465812 7.85385369 9.44363119 9.77231788 15.95928416 16.00396139 17.10850762 18.28743043 19.59217129 19.83121298 25.35570281
 157 0.73548020 -3.48427670 -0.86104058 4.13574637 4.63625867 7.99525737 9.41922373 9.89440932 15.68740362 15.78134491 17.11623124 18.37694535 19.82485068 20.06651169 25.05141276
 158 0.73977750 -3.45380345 -0.84792830 3.95720747 4.57939142 8.13607736 9.39456504 10.04298583 15.41832751 15.55274962 17.13183000 18.44549725 20.08434207 20.30710084 24.74387475
 159 0.74407480 -3.41867924 -0.83366122 3.77422575 4.51430116 8.27222207 9.37124226 10.21819617 15.15285507 15.32305196 17.15373063 18.50086204 20.36185106 20.54975014 24.45192554
 160 0.74837209 -3.37892832 -0.81865865 3.59001323 4.44131373 8.40165480 9.35077220 10.41910186 14.89156970 15.09485074 17.18073738 18.54846223 20.65113550 20.79250653 24.18958472
 161 0.75266939 -3.33458207 -0.80342977 3.40714186 4.36084042 8.52400648 9.33453275 10.64379290 14.63491068 14.86936271 17.21176590 18.59182421 20.94798108 21.03411250 23.96579145
 162 0.75696669 -3.28567963 -0.78858618 3.22775899 4.27337703 8.64003224 9.32371598 10.88972132 14.38321870 14.64702409 17.24569717 18.63322076 21.24951928 21.27361755 23.78528831
 163 0.76126398 -3.23226844 -0.77485430 3.05374620 4.17949751 8.75107421 9.31930362 11.15408042 14.13676999 14.42787956 17.28132083 18.67415078 21.51009123 21.55372309 23.64980037
 164 0.76556128 -3.17440489 -0.76308589 2.88683307 4.07984338 8.85865265 9.32206244 11.43408883 13.89581034 14.21182075 17.31733533 18.71564725 21.74237611 21.85908454 23.55906732
 165 0.76985858 -3.11215509 -0.75426322 2.72867507 3.97511006 8.96421834 9.33255505 11.72711813 13.66060731 13.99871982 17.35237877 18.75846854 21.96883513 22.16441649 23.51158920
 166 0.77415587 -3.04559577 -0.74949413 2.58089996 3.86603197 9.06903569 9.35116094 12.03062278 13.43158473 13.78849341 17.38506990 18.80322000 22.18705399 22.46873106 23.50505023
 167 0.77845317 -2.97481559 -0.74999043 2.44512287 3.75336785 9.17414802 9.37810274 12.34154831 13.20990558 13.58112421 17.41404351 18.85043596 22.39344003 22.77116429 23.53633028
 168 0.78275046 -2.89991666 -0.75702280 2.32292738 3.63788766 9.28038454 9.41347381 12.65050071 13.00325627 13.37665983 17.43796984 18.90064051 22.58253084 23.07092821 23.60080367
 169 0.78704776 -2.82101652 -0.77184683 2.21581069 3.52036193 9.38838294 9.45726410 12.74430454 13.02322717 13.17520197 17.45555322 18.95439830 22.74530186 23.36727849 23.69011078
 170 0.79134506 -2.73825056 -0.79560102 2.12509555 3.40155405 9.49861311 9.50938220 12.55496888 12.97689396 13.33628217 17.46550977 19.01236182 22.86446190 23.65948875 23.78622714
 171 0.79564235 -2.65177499 -0.82918758 2.05182129 3.28221576 9.56967246 9.61139387 12.35765473 12.78191072 13.66572944 17.46652741 19.07531974 22.90553458 23.85409818 23.94682273
 172 0.79993965 -2.56177048 -0.87315845 1.99663739 3.16308574 9.63792608 9.72689684 12.16465403 12.59045364 13.99768833 17.45721358 19.14424824 22.82432413 23.89075210 24.22849272
 173 0.80423695 -2.46844658 -0.92763549 1.95972914 3.04489101 9.71388495 9.84512903 11.97761640 12.40275190 14.32882511 17.43603745 19.22036548 22.62129072 23.96019622 24.50358263
 174 0.80853424 -2.37204708 -0.99228870 1.94079994 2.92835110 9.79723587 9.96587677 11.79736346 12.21907270 14.65653846 17.40127527 19.30518583 22.34530488 24.07503034 24.70788169
 175 0.81283154 -2.27285643 -1.06637969 1.93911754 2.81418453 9.88759005 10.08856820 11.62481035 12.03974546 14.97812634 17.35097085 19.40056562 22.03797752 24.21739985 24.88279703
 176 0.81712884 -2.17120752 -1.14885651 1.95361085 2.70311763 9.98443608 10.21193962 11.46146115 11.86521182 15.29059811 17.28292926 19.50872414 21.72210985 24.37443376 25.05572404
 177 0.82142613 -2.06749084 -1.23847294 1.98299036 2.59589532 10.08703832 10.33316589 11.31033003 11.69612941 15.59064514 17.19476833 19.63221408 21.41032789 24.53899933 25.22037597
 178 0.82572343 -1.96216516 -1.33390410 2.02586442 2.49329385 10.19420844 10.44538497 11.17843847 11.53360190 15.87472298 17.08405654 19.77380759 21.11064041 24.70674934 25.37281383
 179 0.83002073 -1.85576979 -1.43383971 2.08083254 2.39613521 10.30374564 10.53092256 11.08360136 11.37973972 16.13925610 16.94855644 19.93626650 20.82869105 24.87450484 25.48519484
 180 0.83431802 -1.74893788 -1.53704772 2.14654870 2.30530265 10.41091300 10.55511143 11.06061376 11.23918434 16.38096304 16.78656026 20.12199106 20.56849903 25.03944515 25.34862316
 181 0.83861532 -1.64241024 -1.64241024 2.22175654 2.22175654 10.50402456 10.50402456 11.12352127 11.12352127 16.59724974 16.59724974 20.33259342 20.33259342 25.19862436 25.19862436
 182 0.84165397 -1.64286331 -1.64286331 2.22388074 2.22388074 10.44346426 10.44346426 11.18638982 11.18638982 16.59709023 16.59709023 20.33089928 20.33089928 25.17219670 25.17219670
 183 0.84469261 -1.64421605 -1.64421605 2.23024018 2.23024018 10.30462445 10.30462445 11.33215623 11.33215623 16.59661775 16.59661775 20.32585590 20.32585590 25.09538603 25.09538603
 184 0.84773126 -1.64644915 -1.64644915 2.24079537 2.24079537 10.13612176 10.13612176 11.51220898 11.51220898 16.59585050 16.59585050 20.31757778 20.31757778 24.97608460 24.97608460
 185 0.85076991 -1.64953097 -1.64953097 2.25548066 2.25548066 9.95728343 9.95728343 11.70722822 11.70722822 16.59481905 16.59481905 20.30624774 20.30624774 24.82526894 24.82526894
 186 0.85380856 -1.65341826 -1.65341826 2.27420442 2.27420442 9.77523068 9.77523068 11.91010066 11.91010066 16.59356681 16.59356681 20.29210557 20.29210557 24.65271423 24.65271423
 187 0.85684720 -1.65805717 -1.65805717 2.29684925 2.29684925 9.59303336 9.59303336 12.11776261 12.11776261 16.59215070 16.59215070 20.27543381 20.27543381 24.46532633 24.46532633
 188 0.85988585 -1.66338444 -1.66338444 2.32327207 2.32327207 9.41225553 9.41225553 12.32865141 12.32865141 16.59064212 16.59064212 20.25654177 20.25654177 24.26759345 24.26759345
 189 0.86292450 -1.66932875 -1.66932875 2.35330420 2.35330420 9.23382122 9.23382122 12.54183614 12.54183614 16.58912852 16.58912852 20.23574892 20.23574892 24.06242743 24.06242743
 190 0.86596315 -1.67581216 -1.67581216 2.38675111 2.38675111 9.05835225 9.05835225 12.75667532 12.75667532 16.58771545 16.58771545 20.21336876 20.21336876 23.85179288 23.85179288
 191 0.86900179 -1.68275156 -1.68275156 2.42339196 2.42339196 8.88631765 8.88631765 12.97266203 12.97266203 16.58652971 16.58652971 20.18969365 20.18969365 23.63709892 23.63709892
 192 0.87204044 -1.69006018 -1.69006018 2.46297875 2.46297875 8.71810745 8.71810745 13.18934300 13.18934300 16.58572370 16.58572370 20.16498104 20.16498104 23.41943423 23.41943423
 193 0.87507909 -1.69764894 -1.69764894 2.50523504 2.50523504 8.55407314 8.55407314 13.40626885 13.40626885 16.58548163 16.58548163 20.13944074 20.13944074 23.19971092 23.19971092
 194 0.87811774 -1.70542786 -1.70542786 2.54985426 2.54985426 8.39455223 8.39455223 13.62295671 13.62295671 16.58602838 16.58602838 20.11322268 20.11322268 22.97875808 22.97875808
 195 0.88115638 -1.71330720 -1.71330720 2.59649748 2.59649748 8.23988474 8.23988474 13.83885610 13.83885610 16.58764200 16.58764200 20.08640410 20.08640410 22.75738863 22.75738863
 196 0.88419503 -1.72119862 -1.72119862 2.64479073 2.64479073 8.09042545 8.09042545 14.05331190 14.05331190 16.59067146 16.59067146 20.05897466 20.05897466 22.53645419 22.53645419
 197 0.88723368 -1.72901611 -1.72901611 2.69432202 2.69432202 7.94655354 7.94655354 14.26551982 14.26551982 16.59556142 16.59556142 20.03081755 20.03081755 22.31689759 22.31689759
 198 0.89027233 -1.73667683 -1.73667683 2.74463804 2.74463804 7.80868070 7.80868070 14.47446969 14.47446969 16.60288643 16.60288643 20.00168424 20.00168424 22.09981054 22.09981054
 199 0.89331097 -1.74410182 -1.74410182 2.79524103 2.79524103 7.67725794 7.67725794 14.67887245 14.67887245 16.61339625 16.61339625 19.97116090 19.97116090 21.88650256 21.88650256
 200 0.89634962 -1.75121658 -1.75121658 2.84558609 2.84558609 7.55278091 7.55278091 14.87706898 14.87706898 16.62807106 16.62807106 19.93862560 19.93862560 21.67858560 21.67858560
 201 0.89938827 -1.75795155 -1.75795155 2.89507964 2.89507964 7.43579360 7.43579360 15.06692773 15.06692773 16.64817600 16.64817600 19.90320170 19.90320170 21.47807375 21.47807375
 202 0.90242692 -1.76424245 -1.76424245 2.94307981 2.94307981 7.32688947 7.32688947 15.24576034 15.24576034 16.67528033 16.67528033 19.86372725 19.86372725 21.28748315 21.28748315
 203 0.90546556 -1.77003064 -1.77003064 2.98889988 2.98889988 7.22670925 7.22670925 15.41033021 15.41033021 16.71115964 16.71115964 19.81879455 19.81879455 21.10988544 21.10988544
 204 0.90850421 -1.77526327 -1.77526327 3.03181602 3.03181602 7.13593407 7.13593407 15.55709035 15.55709035 16.75743680 16.75743680 19.76696939 19.76696939 20.94881290 20.94881290
 205 0.91154286 -1.77989352 -1.77989352 3.07108057 3.07108057 7.05527287 7.05527287 15.68278753 15.68278753 16.81481802 16.81481802 19.70734322 19.70734322 20.80786879 20.80786879
 206 0.91458150 -1.78388062 -1.78388062 3.10594198 3.10594198 6.98544293 6.98544293 15.78535782 15.78535782 16.88200149 16.88200149 19.64047927 19.64047927 20.68997929 20.68997929
 207 0.91762015 -1.78719003 -1.78719003 3.13567183 3.13567183 6.92714325 6.92714325 15.86462786 15.86462786 16.95477608 16.95477608 19.56945786 19.56945786 20.59655020 20.59655020
 208 0.92065880 -1.78979342 -1.78979342 3.15959811 3.15959811 6.88102151 6.88102151 15.92223492 15.92223492 17.02599555 17.02599555 19.50032907 19.50032907 20.52712155 20.52712155
 209 0.92369745 -1.79166875 -1.79166875 3.17714265 3.17714265 6.84763678 6.84763678 15.96076861 15.96076861 17.08663801 17.08663801 19.44140894 19.44140894 20.47987146 20.47987146
 210 0.92673609 -1.79280025 -1.79280025 3.18785858 3.18785858 6.82742224 6.82742224 15.98273785 15.98273785 17.12764649 17.12764649 19.40146625 19.40146625 20.45262276 20.45262276
 211 0.92977474 -1.79317847 -1.79317847 3.19146288 3.19146288 6.82065265 6.82065265 15.98986072 15.98986072 17.14217435 17.14217435 19.38729265 19.38729265 20.44373821 20.44373821
